162588
655560
663752
663752
676228
678276
678276
678276
678276
694712
694712
694712
694712
694712
694712
694712
717272
717272
717272
717272
717272
717272
717272
717272
725864
725864
725864
746348
746348
746348
746348
746348
746348
746348
746536
746612
746612
746612
746612
756856
756856
756856
756856
756856
756856
756856
756856
756856
756856
765052
765052
765052
765052
765052
769148
769148
773244
773244
773244
773244
865856
871268
877316
883364
889412
895512
901540
907588
913632
921212
927356
933576
939720
945864
952008
958152
964296
970440
976584
982728
988872
995016
1001164
1007308
1013452
1019596
1027788
1033932
1040076
1046220
1052364
1058508
1064660
1070804
1076948
1083092
1089236
1095380
1101524
1107668
1115864
1122008
1128152
1134296
1140444
1146588
1152732
1158876
1165020
1173216
1179360
1185504
1191648
1199840
1205984
1212128
1218272
1224424
1230636
1236780
1244972
1251116
1257260
1263408
1269552
1275696
1281840
1290032
1296176
1302324
1308468
1316660
1322804
1328948
1337140
1343284
1349428
1357620
1363776
1369920
1378112
1384256
1392448
1398592
1406784
1412928
1421144
1429340
1437532
1443676
1451872
1460064
1468256
1476448
1484640
1492844
1503212
1513452
1523692
1533932
1546228
1562612
877824
877824
