160604
655404
659600
667792
675984
680304
725400
729496
731544
731544
731544
731544
731544
731544
731544
731736
772696
772696
772696
772696
772696
772696
772696
797280
797280
797280
797280
805472
805564
807612
825900
825900
825900
825900
825900
825900
825900
827948
827948
827948
827948
827948
827948
830272
830272
830272
830272
830288
830288
830288
830288
830288
830288
830288
830288
830288
830288
830288
830288
830288
830288
830288
830288
895856
897904
899956
899988
899988
900020
900020
900020
900020
900020
900020
900052
900052
900052
900052
900052
900052
900052
934868
936916
936916
936916
936916
936916
936916
936916
936916
936916
936916
944664
946716
947036
947036
947036
947036
947036
947036
947036
947036
947036
947036
947036
947036
947036
947036
947036
947036
947036
947036
947036
947036
947036
947036
947036
947036
947036
947036
1013776
1031692
1049640
1067992
1086428
1104860
1123292
1141744
1162224
1180672
1199104
1217556
1238036
1260580
1283120
1305660
1328204
1352780
1375328
1397856
1420412
606460
