162524
661720
667864
669912
669912
690704
690704
709788
711836
713884
713884
713884
715932
715932
715932
715932
715932
715932
715932
715932
722076
771284
771284
771284
771284
771284
771284
775628
775628
777676
779724
781772
783820
785868
787916
787916
787916
787916
787976
787976
787976
787976
787976
787976
787976
787976
787976
787976
787976
787976
787976
787976
787976
787976
787976
787976
787976
787976
787976
787976
787976
787976
787976
787976
787976
787976
787976
787976
800264
865804
869912
869912
869912
869912
869912
869912
869912
869912
871960
871960
874008
874008
874008
878344
878392
878392
878392
878392
878392
878392
880440
880440
882488
882488
884536
884536
886584
886584
888632
888632
890680
890680
892728
892728
892728
892728
892952
893000
893000
893000
893000
893000
893000
893000
893000
893000
893000
893000
893000
893000
893000
893000
893000
893000
893000
893000
893000
893000
893000
893000
893000
893000
893000
893000
893000
893000
893000
893000
893000
893000
893000
893000
893000
893000
893000
893000
893000
893000
893000
893000
893000
893000
893000
893000
893000
893000
893000
893012
893012
893012
893012
893012
893012
893012
893012
893012
893012
893012
893012
893012
893012
893012
893012
893012
893012
893012
893012
893012
893012
893012
893012
905300
909396
972888
1015916
1015916
1015916
1015916
1015916
1015916
1015916
1015916
1015916
1015916
1015916
1015916
1015916
1015916
1015916
1015916
1017964
1017964
1017964
1017964
1017964
1017964
1020376
1020436
1020436
1020436
1020436
1020436
1020436
1020436
1020436
1020436
1020436
1020436
1020436
1020436
1020436
1020436
1020436
1020436
1020436
1020436
1022484
1022484
1024532
1024532
1026580
1026580
1026580
1026580
1026580
1026580
1026580
1026580
1026580
1026580
1026580
1026580
1026580
1026580
1026580
1026696
1026720
1026720
1026720
1026720
1026720
1026720
1026720
1026720
1026720
1026720
1026720
1026720
1026720
1026720
1026720
1026720
1026720
1026720
1026720
1026720
1026720
1026720
1026720
1026720
1026720
1026720
1026720
1026720
1026720
1026720
1026720
1026720
1026720
1026720
1026720
1026720
1026720
1026720
1026720
1026720
1026720
1026720
1026720
1026720
1026720
1026720
1026732
1026972
1026972
1026972
1026972
1026972
1026972
1026972
1026972
1026972
1026972
1026972
1026972
1026972
1026972
1026972
1026972
1026972
1026972
1026972
1026972
1026972
1026972
1026972
1026972
1026972
1026972
1026972
1026972
1026972
1026972
1026972
1026972
1026972
1026972
1026972
1026972
1026972
1026972
1026972
1026972
1026972
1026972
1026972
1026972
1026972
1026972
1026972
1026976
1026976
1026976
1026976
1027220
1027220
1027220
1027220
1027220
1027220
1027220
1027220
1027220
1027220
1027220
1027220
1027220
1027220
1027220
1027220
1027220
1027220
1027220
1027220
1027220
1027220
1029268
1039508
1045652
1051796
1062040
1193112
1193128
1195176
1195176
1195176
1195176
1195176
1195176
1195176
1195176
1195176
1195176
1195176
1195176
1195176
1195176
1195176
1195176
1195176
1195176
1195176
1195176
1195176
1197224
1197224
1197224
1197224
1197224
1197224
1197224
1197224
1197224
1197224
1197224
1197224
1197224
1198740
1198740
1198744
1198744
1198744
1198744
1198744
1198744
1198744
1198744
1198744
1198744
1198744
1198744
1198744
1198744
1198744
1198744
1198744
1198744
1198744
1198744
1198744
1198744
1198744
1198744
1198744
1198744
1198744
1198744
1198744
1198744
1198748
1198748
1198752
1198752
1198752
1198752
1198752
1198752
1198752
1198752
1198752
1198752
1198752
1198752
1198752
1198752
1198752
1198752
1198752
1198752
1198752
1198752
1198752
1198752
1198752
1198752
1198752
1198752
1198752
1198752
1198752
1198752
1198752
1198752
1198752
1198752
1198752
1198752
1198752
1198752
1198752
1198752
1198752
1198752
1198752
1198752
1198752
1198752
1198752
1198752
1198752
1198752
1198760
1198760
1198760
1198760
1198760
1198760
1198760
1198760
1198760
1198760
1198760
1198760
1198760
1198760
1198760
1198760
1198760
1198760
1198760
1198760
1198760
1198760
1198760
1198760
1198760
1198760
1198760
1198760
1198760
1198760
1198760
1198760
1198760
1198760
1198760
1198760
1198760
1198760
1198760
1198760
1199000
1199304
1199304
1199304
1199304
1199304
1199304
1199304
1199304
1199304
1199304
1199304
1199304
1199304
1199304
1199304
1199304
1199304
1199304
1199304
1199304
1199304
1199304
1199304
1199304
1199304
1199304
1199304
1199304
1199304
1199304
1199304
1199304
1199304
1199304
1199304
1199304
1199304
1199304
1199304
1199304
1199304
1199304
1199304
1199304
1199304
1199304
1199304
1199304
1199304
1199304
1199304
1199308
1199308
1199308
1199308
1199308
1199308
1199308
1199312
1199312
1199548
1199556
1199556
1199556
1199556
1199556
1199556
1199556
1199556
1199556
1199556
1199556
1199556
1199556
1199556
1199556
1199556
1199556
1199556
1199556
1199556
1199556
1199556
1199556
1199556
1199556
1199556
1199556
1199556
1199556
1199556
1199560
1199560
1199560
1199560
1199560
1199560
1199560
1199560
1199576
1199576
1199576
1199576
1199676
1199808
1199808
1199808
1199808
1199808
1199808
1199808
1199808
1199808
1199808
1199808
1199808
1199808
1199808
1199808
1199808
1199808
1199808
1199808
1199808
1199808
1199808
1199808
1199808
1199808
1199808
1199808
1199808
1199808
1199808
1199808
1199808
1199808
1199808
1199808
1199808
1203904
1208000
1214144
1226436
1345220
1345220
1349316
1349316
1349316
1349316
1349316
1349316
1349316
1349316
1349316
1349316
1349316
1349316
1349316
1349316
1349316
1349316
1349316
1349316
1349316
1349316
1349316
1349316
1349316
1349316
1349316
1351364
1351364
1351364
1351364
1351364
1351364
1351364
1351364
1351364
1351364
1351364
1351364
1351364
1351616
1351616
1351616
1351616
1351616
1351616
1351616
1351616
1351616
1351616
1351616
1351616
1351616
1351616
1351616
1351616
1351616
1351616
1351616
1351616
1351616
1351616
1351616
1351616
1351616
1351616
1351616
1351616
1351616
1351616
1351616
1351616
1351616
1351616
1351616
1351616
1351616
1351616
1351616
1351616
1351616
1351616
1351616
1351616
1351616
1351616
1351616
1351616
1351616
1351616
1351616
1351616
1351616
1351616
1351616
1351616
1351616
1351616
1351616
1351616
1351616
1351616
1351616
1351616
1351616
1351616
1351616
1351616
1351616
1351616
1351616
1351616
1351616
1351616
1351616
1351616
1351616
1351616
1351616
1351616
1351616
1351616
1351616
1351616
1351616
1351616
1351624
1351628
1351628
1351628
1351628
1351628
1351628
1351628
1351628
1351628
1351628
1351628
1351628
1351628
1351628
1351628
1351628
1351628
1351628
1351628
1351628
1351628
1351628
1351628
1351628
1351628
1351628
1351628
1351628
1351628
1351628
1351628
1351628
1351628
1351628
1351628
1351628
1351628
1351628
1351628
1351628
1351628
1352032
1352144
1352144
1352144
1352144
1352144
1352144
1352144
1352144
1352144
1352144
1352144
1352144
1352144
1352144
1352144
1352144
1352144
1352144
1352144
1352144
1352144
1352144
1352144
1352144
1352144
1352144
1352144
1352144
1352144
1352144
1352144
1352144
1352144
1352144
1352144
1352144
1352144
1352144
1352144
1352144
1352144
1352144
1352144
1352144
1352148
1352148
1352148
1352148
1352148
1352148
1352148
1352148
1352148
1352148
1352148
1352148
1352148
1352148
1352148
1352148
1352148
1352148
1352148
1352148
1352148
1352148
1352152
1352152
1352164
1352172
1352172
1352176
1352176
1352176
1352176
1352176
1352176
1352176
1352396
1352396
1352396
1352396
1352396
1352396
1352396
1352396
1352396
1352396
1352396
1352396
1352396
1352396
1352396
1352396
1352396
1352396
1352396
1352396
1352396
1352396
1352396
1352396
1352396
1352396
1352396
1352396
1352396
1352396
1352396
1352396
1352396
1352396
1352396
1352396
1352396
1352396
1352396
1352396
1352396
1352396
1352396
1352396
1352396
1352396
1352396
1352396
1352396
1352396
1352396
1352396
1352396
1352396
1352396
1352396
1352396
1352396
1352396
1352396
1352396
1352396
1352396
1352400
1352400
1442512
1444560
1446612
1446612
1446612
1446612
1446612
1446612
1446612
1446612
1446612
1446612
1446612
1446612
1446612
1446612
1446612
1446612
1448660
1448660
1448660
1448660
1448660
1448660
1448660
1448660
1448660
1448660
1448660
1450708
1450708
1450708
1450708
1450708
1450708
1450708
1450708
1450708
1450708
1450708
1450708
1450708
1450860
1450904
1450904
1450904
1450904
1450904
1450904
1450904
1450904
1450904
1450904
1450904
1450904
1450904
1450904
1450904
1450904
1450904
1450904
1450904
1450904
1450904
1450904
1450904
1450904
1450904
1450904
1450904
1450904
1450904
1450904
1450904
1450904
1450904
1450904
1450904
1450904
1450904
1450904
1450904
1450904
1450904
1450904
1450904
1450904
1450904
1450904
1450904
1450904
1450904
1450904
1450904
1450904
1450904
1450904
1450904
1450904
1450904
1450908
1450908
1450908
1450908
1450908
1450908
1450908
1450908
1450908
1450912
1450912
1450912
1450916
1450916
1450916
1450916
1450916
1450916
1450916
1450960
1450960
1450960
1450960
1450960
1450960
1450960
1450960
1450960
1450960
1450960
1450960
1450960
1450960
1450960
1450960
1450960
1450960
1450960
1450960
1450960
1450960
1450960
1450960
1450960
1450960
1450960
1450960
1450960
1450960
1450960
1450960
1450960
1450960
1450960
1450960
1450960
1450960
1450960
1450960
1450960
1450960
1450960
1450960
1450960
1450960
1450960
1450960
1450960
1450960
1450960
1450960
1450960
1450960
1450960
1450960
1450960
1450960
1450960
1450960
1450960
1450960
1450960
1450960
1450960
1450960
1450960
1450960
1450960
1450960
1450960
1450960
1450960
1450960
1450960
1450960
1450960
1450960
1450960
1450960
1450960
1450960
1450960
1450960
1450960
1450960
1450960
1450960
1450960
1450960
1450960
1450960
1450960
1450960
1450960
1450960
1450960
1450960
1450960
1450960
1450960
1450960
1450960
1450960
1450960
1450960
1450960
1450960
1450960
1450960
1450960
1450960
1450960
1450960
1450960
1450960
1450960
1450960
1450960
1450960
1450960
1450960
1450960
1450960
1450960
1450960
1500116
1502168
1504216
1504216
1504216
1504216
1504216
1504216
1504216
1504216
1504216
1504216
1504216
1504216
1504216
1504216
1504216
1506264
1506264
1506264
1506264
1506264
1506264
1506264
1506264
1506264
1506264
1506264
1506264
1506264
1506264
1506264
1506264
1506264
1506264
1506264
1506264
1506264
1506264
1506264
1506264
1506264
1506264
1506264
1506264
1506264
1506264
1506264
1506264
1506264
1506264
1506264
1506264
1506264
1506264
1506264
1506264
1506264
1506264
1506264
1506264
1506264
1506264
1506264
1506264
1506264
1506264
1506264
1506264
1506264
1506264
1506264
1506264
1506264
1506264
1506264
1506264
1506264
1506264
1506264
1506264
1506264
1506264
1506264
1506264
1506268
1506268
1506268
1506268
1506268
1506268
1506268
1506268
1506268
1506268
1506268
1506268
1506268
1506268
1506268
1506268
1506268
1506268
1506268
1506268
1506268
1506268
1506268
1506268
1506268
1506268
1506268
1506268
1506268
1506268
1506268
1506268
1506268
1506268
1506268
1506268
1506268
1506268
1506268
1506268
1506268
1506268
1506268
1506268
1506268
1506268
1506268
1506268
1506268
1506268
1506268
1506268
1506268
1506268
1506268
1506268
1506268
1506272
1530848
1530848
1530848
1530848
1530848
1530848
1530848
1530848
1530848
1530848
1530848
1532896
1532896
1532896
1532896
1532896
1532896
1532896
1532896
1532896
1532896
1532896
1532896
1532896
1532896
1532896
1532896
1532896
1532896
1532896
1532896
1532896
1532896
1532896
1532896
1532896
1532896
1532896
1532896
1532896
1532896
1532896
1532896
1532896
1532896
1532896
1532896
1532896
1532896
1532896
1532896
1532896
1532896
1532896
1532896
1532896
1532896
1532896
1532896
1532896
1532896
1532896
1532900
1532900
1532900
1532900
1532900
1532900
1532900
1532900
1532900
1532900
1532900
1545188
1545188
1545188
1545188
1545188
1547236
1547236
1547236
1547236
1547236
1547236
1547236
1547236
1547236
1547236
1547236
1547236
1547236
1547236
1547236
1547236
1547236
1547236
1547236
1547236
1547236
1547236
1547236
1547236
1547236
1547240
1547240
1547240
1547240
1547240
1547240
1547240
1547240
1547240
1549288
1551336
1551336
1551336
1551336
1551336
1551336
1553384
1553384
1553384
1553384
1553384
1553384
1553384
1553384
1553384
1555432
1555432
1555432
1555432
1555432
1555432
1555432
1555436
1559532
1559532
1559532
1559532
1559532
1559532
1559532
1559532
1559532
1559532
1559532
1559532
1559532
1559532
1559532
1561580
1561580
1561580
1561580
1561580
1561580
1561580
1561580
1561580
1561580
1561580
1561580
1561580
1561580
1561580
1561580
1561580
1561580
1561580
1561580
1561580
1561580
1561580
1561580
1561580
1561580
1561580
1561580
1561580
1561580
1561580
1561580
1561580
1561580
1561580
1561580
1561580
1604588
2028372
2331476
2333784
2335608
2337452
2339560
2341404
2343512
2345352
2347460
2349304
2351412
2353256
2355356
2357464
2359836
2361680
2363788
2365632
2367740
2369848
2371692
2373532
2375640
2377484
2379592
2381428
2383800
2385908
2389012
2391060
2393108
2395156
2397204
2399252
2401300
2403348
2405396
2407444
2409492
2411540
2413588
2415636
2417684
2419732
2421780
2423872
2425920
2427968
2430016
2432064
2434112
2436160
2438208
2440256
2442304
2444352
2446400
2448448
2450496
2452544
2454592
2456640
2458688
2460736
2462784
2464832
2466880
2468928
2470976
2473024
2475072
2477120
2479168
2481216
2483264
2485312
2487360
2489408
2491456
2493504
2495552
2497600
2499648
2501696
2503744
2505792
2507840
2509888
2511936
2513984
2516032
2518080
2520128
2522176
2522176
2526272
2528320
2530368
2532416
2534464
2536512
2538560
2540608
2542656
2542656
2544704
2546752
2550848
2552896
2554944
2556992
2559040
2561088
2561088
2563136
2565184
2567232
2569280
2571328
2573376
2575424
2577472
2579520
2581568
2583616
2585664
2587712
2589760
2591808
2593856
2595904
2597952
2600000
2602048
2604096
2606144
2608192
2610240
2612288
2614336
2616384
2618432
2620480
2622528
2624576
2626624
2628672
2630720
2632768
2634816
2636864
2638912
2640960
2643008
2645056
2647104
2649152
2651200
2653248
2655296
2657344
2659392
2661440
2663488
2665536
2667584
2669632
2671680
2673728
2675776
2677824
2679872
2681920
2683968
2686016
2688064
2690112
2692160
2694208
2696256
2698304
2700352
2702400
2704448
2706496
2708544
2710592
2712640
2714688
2716736
2718784
2720832
2722880
2724928
2726976
2729024
2731072
2733120
2735168
2737216
2739264
2741312
2743360
2745408
2747456
2749504
2751552
2753600
2755648
2757696
2759744
2761792
2763840
2765888
2767936
2769984
2772032
2774080
2776128
2778176
2780224
2782272
2782272
2786368
2788416
2790464
2792512
2794560
2796608
2798656
2800704
2802752
2804800
2806848
2808896
2810944
2812992
2815040
2817088
2819136
2821184
2823232
2825280
2827328
2829376
2831424
2833472
2835520
2837568
2839616
2841664
2843712
2845760
2847808
2849856
2851904
2853952
2856000
2858048
2860096
2862144
2864192
2866240
2868288
2870336
2872384
2874432
2876480
2878528
2880576
2882624
2884672
2886720
2888768
2890816
2892864
2894912
2896960
2899008
2901056
2903104
2905152
2907200
2909248
2911296
2913344
2915392
2917440
2919488
2921536
2923584
2925632
2927680
2929728
2931776
2933824
2935872
2937920
2939968
2942016
2944064
2946112
2948160
2950208
2952256
2954304
2956352
2958400
2960448
2962496
2964544
2966592
2968640
2970688
2972736
2974784
2976832
2978880
2980928
2982976
2985024
2987072
2989120
2991168
2993216
2995264
2997312
2999360
3001408
3003456
3005504
3007552
3009600
3011648
3013696
3015744
3017792
3019840
3021888
3023936
3025984
3030080
3032128
3034176
3036224
3036224
3038272
3040320
3042368
3046464
3048512
3050560
3052608
3054656
3056704
3058752
3058752
3060800
3062848
3066944
3068992
3071040
3073088
3075136
3077184
3079232
3081280
3081280
3083328
3087424
3089472
3091520
3093568
3095616
3097664
3099712
3101760
3103808
3105856
3107904
3109952
3112000
3114048
3116096
3118144
3120192
3122240
3124288
3126336
3128384
3130432
3132480
3134528
3136576
3138624
3140672
3142720
3144768
3146816
3148864
3150912
3152960
3155008
3157056
3159104
3161152
3163200
3165248
3167296
3169344
3171396
3173444
3175492
3177540
3179588
3181636
3183684
3185732
3187780
3189828
3191876
3193924
3195972
3198020
3200068
3202116
3204164
3206212
3208260
3210308
3212356
3214404
3216452
3218500
3220548
3222596
3224644
3226692
3228740
3230788
3232836
3234884
3236932
3238980
3241028
3243076
3245124
3249220
3251268
3253316
3255364
3257412
3259460
3259460
3261508
3265604
3267652
3269700
3271748
3273796
3275844
3277892
3279940
3281988
3284036
3286084
3288132
3290180
3292228
3294276
3296324
3298372
3300420
3302468
3304516
3306564
3308616
3310664
3312712
3314760
3316808
3318856
3320904
3322952
3325000
3327048
3329096
3331144
3333192
3335240
3337288
3339336
3341384
3343432
3347528
3349576
3351624
3353672
3355720
3357768
3359816
3361864
3363912
3365960
3368008
3370056
3372104
3374152
3376200
3378248
3380296
3382344
3384392
3386440
3388488
3390536
3392584
3394632
3396680
3398728
3400776
3402824
3404872
3406920
3408968
3411016
3413068
3415116
3417164
3419212
3421260
3423308
3425356
3427404
3431500
3431500
3433548
3435596
3437644
3439692
3443788
3445836
3447884
3449932
3451980
3454028
3456076
3458124
3460172
3462220
3464268
3466316
3468364
3470412
3472460
3474508
3476556
3478604
3480652
3482700
3484748
3486796
3488844
3490892
3492940
3494988
3497036
3499084
3501132
3503180
3505228
3507276
3509324
3511372
3513420
3515468
3517516
3519564
3521612
3523664
3525712
3527760
3529808
3531856
3533904
3535952
3540048
3542096
3544144
3546192
3548240
3550288
3552400
3554448
3556496
3558544
3560592
3562640
3564688
3566736
3568784
3570832
3572880
3574928
3576976
3579024
3581072
3583120
3585168
3587216
3589264
3591312
3593360
3595408
3597456
3599504
3601552
3603600
3605648
3607696
3609744
3611792
3613840
3615888
3617936
3619984
3622032
3626128
3628176
3630224
3632272
3632272
3634320
3638420
3640468
3642516
3644564
3646612
3648660
3650708
3652756
3654804
3656852
3658900
3660948
3662996
3665044
3667092
3669140
3671188
3673236
3675284
3677332
3679380
3681428
3683476
3685524
3687572
3689620
3691668
3693716
3695764
3697812
3699860
3701908
3703956
3706004
3708052
3710100
3712148
3714196
3716244
3718292
3720340
3722388
3724436
3726484
3728532
3730580
3732628
3734676
3736724
3738772
3740820
3742868
3744916
3746964
3749012
3751060
3753108
3755156
3757204
3759256
3763352
3765400
3767448
3769496
3769496
3771544
3773592
3777688
3779736
3781784
3783832
3785880
3787928
3789976
3792024
3794072
3796120
3798168
3800216
3802264
3804312
3806360
3808408
3810456
3812504
3814552
3816600
3818648
3820696
3822744
3824792
3826840
3828888
3830936
3832984
3835032
3837080
3839128
3841176
3843224
3845272
3847320
3849368
3851416
3853464
3855512
3857560
3859608
3861656
3863704
3865752
3867800
3869848
3871896
3873944
3875992
3878040
3880088
3882136
3884184
3886232
3888284
3890332
3892380
3894428
3896476
3898524
3900572
3902620
3904668
3906716
3908764
3910812
3912860
3916956
3919004
3921052
3923100
3925148
3927196
3929244
3929244
3933340
3935388
3937436
3939484
3941532
3943580
3945628
3947676
3949724
3951772
3953820
3955868
3957916
3959964
3962012
3964060
3966108
3968156
3970204
3972252
3974300
3976348
3978396
3980444
3982492
3984540
3986588
3988636
3990688
3994784
3996832
3998880
4000928
4000928
4005024
4007072
4009120
4011168
4013216
4015264
4017312
4019360
4021408
4023456
4025504
4027552
4029600
4031648
4033696
4035744
4037792
4039840
4041888
4043936
4045984
4048032
4050080
4054176
4056224
4058272
4060320
4062368
4064416
4066464
4068512
4070560
4072608
4074656
4076704
4078752
4080800
4082848
4084896
4086944
4088992
4091040
4093088
4095136
4097184
4099232
4101280
4103328
4105376
4109476
4109476
4111524
4113572
4117668
4119716
4121764
4123812
4125860
4127908
4129956
4132004
4134052
4136100
4138148
4140196
4142244
4144292
4146340
4148388
4150436
4152484
4154532
4156580
4158628
4160676
4162724
4164772
4168868
4170916
4172964
4175012
4177060
4177060
4181156
4183204
4185252
4187300
4189348
4191396
4193444
4195492
4197540
4199588
4201636
4203684
4205732
4207780
4209828
4211876
4213924
4215972
4218020
4220068
4222116
4224164
4226212
4228260
4232356
4234408
4236456
4238504
4240552
4240552
4244648
4246696
4248744
4250792
4252840
4254888
4256936
4258984
4261032
4263080
4265128
4267176
4269224
4271272
4273320
4275368
4277416
4279464
4281512
4283560
4285608
4287656
4289704
4293800
4295848
4297896
4299944
4301992
4304040
4306088
4308136
4310184
4312232
4314280
4316328
4318376
4320424
4322472
4324520
4326568
4328616
4330664
4332712
4334760
4336808
4338856
4340904
4342952
4347048
4349096
4349096
4351144
4353192
4357288
4359340
4361388
4363436
4365484
4367532
4369580
4371628
4373676
4375724
4377772
4379820
4381868
4383916
4385964
4388012
4390060
4392108
4394156
4396204
4398252
4400300
4402348
4404396
4408492
4410540
4412588
4414636
4416684
4418732
4420780
4422828
4424876
4426924
4428972
4431020
4433068
4435116
4437164
4439212
4441260
4443308
4445360
4447408
4449456
4451504
4453552
4455600
4457648
4459696
4461744
4463792
4465840
4469936
4471984
4474032
4476080
4478128
4480176
4482224
4484272
4486320
4488368
4490416
4492464
4494512
4496560
4498608
4500656
4502704
4504752
4506800
4508848
4510896
4512944
4517040
4519088
4521136
4523184
4525232
4527280
4529328
4531376
4533424
4535472
4537520
4539568
4541616
4543664
4545712
4547760
4549808
4551856
4553904
4555952
4558000
4560048
4562096
4566192
4568240
4570288
4572336
4574384
4576432
4578484
4580532
4582580
4584628
4586676
4588724
4590772
4592820
4594868
4596916
4598964
4601012
4603060
4605108
4607156
4609204
4613300
4615348
4617396
4619444
4621492
4623540
4625588
4627636
4629684
4631732
4633780
4635828
4637876
4639924
4641972
4644020
4646068
4648116
4650164
4652212
4654260
4656308
4660404
4662452
4664500
4666548
4668596
4670644
4672692
4674740
4676788
4678836
4680884
4682932
4684980
4687028
4689076
4691124
4693172
4695220
4699316
4701364
4701368
4703416
4707512
4709560
4711608
4713656
4715704
4717752
4719800
4721848
4723896
4725944
4727992
4730040
4732088
4734136
4736184
4738232
4740280
4744376
4746424
4748472
4750520
4752568
4754616
4756664
4758712
4760760
4762808
4764856
4766904
4768952
4771000
4773048
4775096
4777144
4779192
4781240
4783292
4785340
4787388
4791484
4793532
4795580
4797628
4799676
4801724
4803772
4805820
4807868
4809916
4811964
4814012
4816060
4818108
4820156
4822204
4824252
4826300
4828348
4830396
4832444
4834492
4838588
4840636
4842684
4844732
4846780
4848828
4850876
4852924
4854972
4857020
4859068
4861116
4863164
4865212
4867260
4869308
4871356
4873404
4875452
4877500
4879548
4881596
4885692
4887740
4889788
4891836
4893884
4895932
4897980
4900032
4902080
4904128
4906176
4908224
4910272
4912320
4914368
4916416
4918464
4920512
4922560
4924608
4926656
4928704
4932800
4934848
4936896
4938944
4940992
4943040
4945088
4947136
4949184
4951232
4953280
4955328
4957376
4959424
4961472
4963520
4965568
4967616
4969664
4971712
4973760
4975808
4977856
4981952
4984000
4986048
4988096
4990144
4992192
4994240
4996288
4998336
5000384
5002432
5004480
5006528
5008576
5010624
5012676
5014724
5016772
5018820
5020868
5022916
5027012
5029060
5031108
5033156
5035204
5037252
5039300
5041348
5043396
5045444
5047492
5049540
5051588
5053636
5055684
5057732
5059780
5061828
5063876
5065924
5067972
5070020
5072068
5076164
5078212
5080260
5082308
5084356
5086404
5088452
5090500
5092548
5094596
5096644
5098692
5100740
5102788
5104836
5106884
5108932
5110980
5113028
5115076
5117124
5119172
5123268
5125316
5127364
5129412
5131460
5133508
5135560
5137608
5139656
5141704
5143752
5145800
5147848
5149896
5151944
5153992
5156040
5158088
5160136
5162184
5164232
5166280
5168328
5172424
5174472
5176520
5178568
5180616
5182664
5184712
5186760
5188808
5190856
5192904
5194952
5197000
5199048
5201096
5205192
5207240
5209288
5211336
5213384
5215432
5217480
5219528
5221576
5225672
5227720
5229768
5231816
5233864
5235912
5237960
5240008
5242056
5244104
5248200
5250252
5252300
5254348
5256396
5258444
5260492
5262540
5264588
5266636
5270732
5272780
5274828
5276876
5278924
5280972
5283020
5285068
5287116
5291212
5293260
5295308
5297356
5299404
5301452
5303500
5305548
5307596
5309644
5313740
5315788
5317836
5319884
5321932
5323980
5326028
5328076
5330124
5332172
5336268
5338316
5340364
5342412
5344460
5346508
5348560
5352656
5354704
5356752
5358800
5360848
5362896
5364944
5366992
5369040
5371088
5375184
5377232
5379280
5381328
5383376
5385424
5387472
5389520
5391568
5395664
5397712
5399760
5401808
5403856
5405904
5407952
5410000
5412048
5414096
5418192
5420240
5422288
5424336
5426384
5428432
5430480
5432528
5436624
5438672
5440720
5442768
5444816
5446864
5448912
5450960
5453008
5455056
5459152
5461200
5463248
5465296
5467344
5469392
5471440
5473488
5475536
5477584
5481684
5483732
5485780
5487828
5489876
5491924
5493972
5498068
5500116
5502164
5504212
5506260
5508308
5510356
5512404
5516500
5518548
5520596
5522644
5524692
5526740
5528788
5530836
5532884
5534932
5539028
5541076
5543124
5545172
5547220
5549268
5551316
5553364
5555412
5557460
5561556
5563604
5565652
5567700
5569748
5571796
5573844
5575892
5577940
5582036
5584084
5586132
5588180
5590232
5592280
5594328
5596376
5598424
5600472
5604568
5606616
5608664
5610712
5612760
5614808
5616856
5618904
5620952
5623000
5627096
5629144
5631192
5633240
5635288
5637336
5639384
5641432
5645528
5647576
5649624
5651672
5653720
5655768
5657816
5659864
5663960
5666008
5668056
5670104
5672152
5674200
5676248
5678296
5680348
5684444
5686492
5688540
5690588
5692636
5694684
5696732
5698780
5700828
5704924
5706972
5709020
5711068
5713116
5715164
5717212
5719260
5723356
5723356
5727452
5729500
5731548
5733596
5735644
5737692
5739740
5743836
5745884
5747932
5749980
5752028
5754076
5756124
5758172
5760220
5764316
5766364
5768412
5770460
5772508
5774556
5776604
5778652
5780700
5784796
5786844
5788892
5790940
5792988
5795036
5797084
5799132
5801180
5803228
5807328
5809376
5811424
5813472
5815520
5817568
5819616
5821664
5823712
5825760
5829856
5831904
5833952
5836000
5838048
5840096
5842144
5844192
5846240
5850336
5852384
5854432
5856480
5858528
5860576
5862624
5864672
5866720
5868768
5872864
5874912
5876960
5879008
5881056
5883104
5885152
5887200
5889248
5891296
5895392
5897440
5899488
5901536
5903584
5905632
5907684
5911780
5913828
5915876
5917924
5919972
5922020
5924068
5926116
5928164
5930212
5934308
5936356
5938404
5940452
5942500
5944548
5946596
5948644
5950692
5954788
5956836
5958884
5960932
5962980
5965028
5967076
5969124
5971172
5975268
5977316
5979364
5981412
5983460
5985508
5987556
5989604
5991652
5993700
5997796
5999844
6001892
6003940
6005988
6008036
6010088
6012136
6014184
6016232
6020328
6022376
6024424
6026472
6028520
6030568
6032616
6034664
6036712
6038760
6042856
6044904
6046952
6049000
6051048
6053096
6055144
6057192
6059240
6061288
6065384
6067432
6069480
6071528
6073576
6075624
6077672
6079720
6081768
6083816
6087912
6089960
6092008
6094056
6096104
6098152
6100200
6102248
6104296
6108392
6110440
6112488
6114536
6116584
6118632
6120680
6124776
6126824
6128872
6130920
6132968
6135016
6137064
6139112
6141160
6145260
6147308
6149356
6151404
6153452
6155500
6157548
6159596
6163692
6165740
6167788
6169836
6171884
6173932
6175980
6178028
6180076
6182124
6186220
6188268
6190316
6192364
6194412
6196460
6198508
6202604
6204652
6206700
6208748
6210796
6212844
6214892
6216940
6218988
6223084
6225132
6227180
6229228
6231276
6233324
6235372
6237420
6239468
6243568
6245616
6247664
6249712
6251760
6253808
6255856
6257904
6259952
6264048
6266096
6268144
6270192
6272240
6274288
6276336
6280432
6282480
6284528
6286576
6288624
6290672
6292720
6294768
6296816
6300912
6302960
6305008
6307056
6309104
6311152
6313200
6315248
6317296
6321392
6323440
6325488
6327536
6329584
6331632
6333680
6335728
6337776
6341876
6343924
6345972
6348020
6350068
6352116
6354164
6358260
6360308
6362356
6364404
6366452
6368500
6370548
6372596
6374644
6378740
6380788
6382836
6384884
6386932
6388980
6391028
6393076
6395124
6399220
6401268
6403316
6405364
6407412
6409460
6411508
6413556
6415604
6419700
6421748
6423796
6425844
6427892
6429940
6431988
6436084
6438132
6440180
6442232
6444280
6446328
6448376
6450424
6452472
6456568
6458616
6460664
6462712
6464760
6466808
6468856
6470904
6472952
6477048
6479096
6481144
6483192
6485240
6487288
6489336
6491384
6495480
6497528
6499576
6501624
6503672
6507768
6509816
6511864
6513912
6515960
6520056
6522104
6524152
6528248
6530296
6532344
6534392
6536440
6540536
6542584
6544632
6546684
6550780
6552828
6554876
6556924
6561020
6563068
6565116
6567164
6569212
6573308
6575356
6577404
6579452
6583548
6585596
6587644
6589692
6591740
6595836
6597884
6599932
6601980
6606076
6608124
6610172
6612220
6616316
6618364
6620412
6622460
6626556
6628604
6630652
6632700
6634748
6638844
6640892
6642940
6644988
6649084
6651132
6653180
6655228
6659324
6661372
6663420
6665472
6667520
6671616
6673664
6675712
6677760
6681856
6683904
6685952
6688000
6690048
6694144
6696192
6698240
6700288
6704384
6706432
6708480
6710528
6714624
6716672
6718720
6720768
6722816
6726912
6728960
6731008
6733056
6737152
6739200
6741248
6743300
6745348
6749444
6751492
6753544
6755708
6759804
6761852
6763900
6765948
6770044
6772092
6774140
6776188
6780284
6782332
6784380
6786428
6788476
6792572
6794620
6796668
6798716
6802812
6804860
6806908
6808956
6813052
6815100
6817148
6819196
6821244
6825340
6827388
6829436
6831484
6835580
6837628
6839676
6841724
6843772
6847868
6849916
6851964
6856060
6858108
6860156
6862212
6864260
6868356
6870404
6872452
6874500
6878596
6880644
6882692
6884740
6888836
6890884
6892932
6894980
6899076
6901124
6903172
6905220
6907268
6911364
6913412
6915460
6917508
6921604
6923652
6925700
6927748
6931844
6933892
6935940
6937988
6940036
6944132
6946180
6948228
6950276
6954372
6956420
6958468
6960516
6962564
6966660
6968708
6970756
6974852
6976908
6978956
6981004
6983052
6987148
6989196
6991244
6993292
6997388
6999436
7001484
7003532
7007628
7009676
7011724
7013772
7015820
7019916
7021964
7024012
7026060
7030156
7032204
7034252
7036300
7038348
7042444
7044492
7046540
7048588
7052688
7054736
7056784
7058832
7062928
7064976
7067024
7069072
7073168
7075216
7077264
7079312
7081360
7085456
7087504
7089552
7091600
7095700
7097748
7099796
7101844
7105940
7107988
7110036
7112084
7114132
7118228
7120276
7122324
7124372
7128468
7130516
7132564
7134612
7136660
7140756
7142804
7144852
7146900
7150996
7153044
7155092
7157140
7161236
7163288
7165336
7167384
7169432
7173528
7175576
7177624
7179672
7183768
7185816
7187864
7189912
7194008
7196056
7198104
7200152
7204248
7206296
7208344
7210392
7212440
7216536
7218584
7220632
7222680
7226776
7228824
7230872
7232920
7234972
7239068
7241116
7243164
7245212
7249308
7251356
7253404
7255452
7259548
7261596
7263644
7265692
7267740
7271840
7273888
7275936
7277984
7282080
7284128
7286176
7288224
7290272
7294368
7296416
7298464
7300512
7304608
7306656
7308704
7310752
7314848
7316896
7318944
7320992
7323040
7327136
7329184
7331232
7333280
7337376
7339424
7341472
7343524
7345572
7349668
7351716
7353764
7357860
7359908
7361956
7364008
7366056
7370152
7372200
7374248
7376296
7378344
7382440
7384488
7386536
7388584
7392680
7394728
7396776
7398824
7400872
7404968
7407016
7409064
7411112
7415208
7417256
7419304
7421352
7423400
7427496
7429544
7431592
7435688
7437736
7439784
7441832
7443880
7447976
7450028
7452076
7456172
7458220
7462316
7464364
7466412
7470508
7472556
7476652
7478700
7482796
7484844
7488940
7490988
7495084
7497132
7499180
7503276
7505324
7509420
7511468
7515564
7517612
7521708
7523756
7527852
7529900
7531952
7536048
7538096
7542192
7544240
7548336
7550384
7554480
7556528
7558576
7562672
7564720
7568816
7570864
7574960
7577008
7581104
7583152
7587248
7589296
7591344
7595440
7597488
7601584
7603632
7607728
7609776
7613872
7615928
7620024
7622072
7624120
7628216
7630264
7634360
7636408
7640504
7642552
7646648
7648696
7650744
7654840
7656888
7660984
7663032
7667128
7669176
7673272
7675320
7679416
7681464
7683512
7687608
7689656
7693752
7695800
7699896
7701944
7706040
7708088
7710136
7714236
7716284
7720380
7722428
7726524
7728572
7732668
7734716
7738816
7740864
7742912
7747008
7749056
7753152
7755200
7759296
7761344
7765440
7767488
7771584
7773632
7775680
7779776
7781824
7785920
7787968
7792064
7794112
7796160
7800256
7804352
7806400
7808448
7812544
7814592
7818692
7820740
7824836
7826884
7828932
7833028
7835076
7839172
7841220
7845316
7847364
7851460
7853508
7857604
7859652
7861700
7865796
7867844
7871940
7873988
7878084
7880132
7884228
7886276
7890372
7892420
7894468
7898572
7900620
7904716
7906764
7910860
7912908
7914956
7919052
7923148
7925196
7927244
7931340
7933388
7937484
7939532
7943628
7945676
7947724
7951820
7953868
7957964
7960012
7964112
7966160
7970256
7972304
7976400
7978448
7980496
7984592
7986640
7990736
7992784
7996880
7998932
8003028
8005076
8009172
8011220
8013268
8017364
8019412
8023508
8025556
8029652
8031700
8035796
8037844
8039892
8043988
8046036
8050132
8052180
8056276
8058324
8062420
8064472
8066520
8070616
8072664
8076760
8078808
8082904
8084952
8089048
8093144
8097240
8101336
8105432
8109528
8113624
8117720
8121816
8123864
8127960
8132056
8136152
8140248
8144348
8148444
8152540
8156636
8158684
8162780
8166876
8170972
8175068
8179164
8183260
8187356
8189404
8193500
8197596
8201692
8205788
8209884
8213980
8218076
8222172
8224220
8228320
8232416
8236512
8240608
8244704
8248800
8252896
8256992
8259040
8263136
8267232
8271332
8275428
8279524
8283620
8285668
8289764
8293860
8297956
8302052
8306148
8310244
8314340
8318436
8320484
8324580
8328676
8332772
8336868
8340964
8345060
8349156
8353252
8357352
8359400
8363496
8367592
8371688
8375784
8379880
8383976
8388072
8392168
8394216
8398316
8402412
8406508
8410604
8414700
8418796
8422892
8424940
8429036
8433132
8437228
8441324
8445420
8449516
8453612
8457708
8459756
8463856
8467952
8472048
8476144
8480240
8484336
8488432
8494576
8498672
8504816
8508912
8515056
8521200
8525296
8531444
8535540
8541684
8547828
8551924
8558068
8562164
8568308
8574452
8578548
8584692
8590836
8594932
8601076
8605172
8611316
8617464
8621560
8627704
8633848
8637944
8644092
8652284
8660476
8668668
8676860
8685052
8693244
8703492
8719880
6587248
6587248
6587248
6587248
6587248
6587248
6587248
6587248
6587248
6587248
6587248
6587248
6587248
6587248
6587248
6587248
6587248
6587248
6587248
5491648
2010048
